00100011011001000000000000000000
11111101100010100000000001100100
00000000000000000000010001001100
00100011011001000000000000000000
00110001111001011010111000010100
11111101100010100000000001100100
00000000000000000000010001001100
10101111110010100000000000000000
00000000000000000000010001001100
10101011111111100010011010100000
11001100000000011010110110111010
01001011111010010000000000000000
10111010110010000000000000000000
00100011011001000000000000000000
00110010011111100001110110000100
11111101100010100000000001100100
00000000000000000000010001001100
10010100011001000000000000000000
11111101100010100000000000000000
00000000000000000000010001001100
00100011011001000000000000000000
00110010100010111101100100100100
11111101100010100000000001100100
00000000000000000000010001001100
01001000000111010010011010100000
11111101100010100000000000000000
00000000000000000000010001001100
00100011011001000000000000000000
00110010011111100100100000011000
11111101100010100000000001100100
00000000000000000000010001001100
11011000010111000010011010100000
11111101100010100000000000000000
00000000000000000000010001001100
00100011011001000000000000000000
00110001111001011000101010001000
11111101100010100000000001100100
00000000000000000000010001001100
11111101100010100000000000000000
00000000000000000000010001001100
00011011010100100111000110111100
00001001101010100000000000000000
10110111110111111100011010100000
00100011011001000000000000000000
00110001111100110110110110011100
11111101100010100000000000000000
00000000000000000000010001001100
10101111110010100000000000000000
00000000000000000000010001001100
10110110011111001010111010100000
01100011011100100000000000000000
11001110110000101111010000111100
11110111001100110000000000000000
00001000001100110000010001001101
11011010101100100000000001100100
00101001000100110000000000000000
11101000000000011011001000000111
00111000111010010000000000000000
01110000010111010111111010100000
01101001101010100000000000000000
01100100001111010000000001100100
01110010011000000000001111101000